0036507628
1191236778
0036506587
0036502551
0036503522
0036508123
0036503106
0036507056
0036508277
0036505917
0036505985
0036509482
0036506519
0036479956
0036483490
0036506059
0036493691
0036508459
0036509900
0036480046
0036506363
0036506657
0036502999
0036496737
0036509942
0036508742
0036507745
0036494001
0036501479
0036505553
0119028599
0036505670
0036507836
0036483854
0036493350
0036507082
0036505548
0036507035
0036507329
0036507194
0036501325
0036507750
0036501208
0036509211
0036506711
0036460611
0036498570
0036505623
0036493366
0036501330
0036507719
0036505387
0036510560
0036509087
0036494230
0036509440
0036510118
0036507308
0036507558
0036506870
0036510529
0036505595
0036507243
0036505371
0036492353
0036509045
0036510191
0036479108
0036488135
0036501297
0036508763
0036495467
0036508630
0036506288
0036511269
0036508688
0036507061
0036504278
0036494802
0023110717
0036511115
0036506342
0036505665
0036501666
0036484302
0036495404
0036509386
0036494251
0036494412
0036509708
0036501122
0036507579
0036510438
0036507077
0036511066
0036493964
0036505483
0130309559
0036492145
0036508971
0036511370
0036509456
0036506300
0036507313
0036484414
0036502684
0036509120
0036506802
0036506407
0036507110
0036472042
0036496186
0036507259
0036505868
0036500931
0036481038
0036507381
0036488780
0036506181
0036473898
0036491202
1191231493
1191233594
1191233690
1191242100
0016119707
1191228748
0177047709
1191241187
1191239605
0067342977
0119024290
1191236437
1191235856
1191236528
0177042627
0036505894
0036477075